# Clipped Environment Lines
# Generated from evader analysis at position (735.5, 314.4)
# Visibility range: 200.0 pixels

# VISIBILITY_CIRCLE
CIRCLE 735.48 314.44 200.00

# ORIGINAL_WALLS
LINE 500.00 214.00 595.00 214.00
LINE 595.00 214.00 595.00 225.00
LINE 595.00 225.00 500.00 225.00
LINE 500.00 225.00 500.00 214.00
LINE 656.00 214.00 870.00 214.00
LINE 870.00 214.00 870.00 225.00
LINE 870.00 225.00 656.00 225.00
LINE 656.00 225.00 656.00 214.00
LINE 446.00 358.00 596.00 358.00
LINE 596.00 358.00 596.00 369.00
LINE 596.00 369.00 446.00 369.00
LINE 446.00 369.00 446.00 358.00
LINE 656.00 358.00 733.00 358.00
LINE 733.00 358.00 733.00 369.00
LINE 733.00 369.00 656.00 369.00
LINE 656.00 369.00 656.00 358.00
LINE 638.00 156.00 651.00 156.00
LINE 651.00 156.00 651.00 217.00
LINE 651.00 217.00 638.00 217.00
LINE 638.00 217.00 638.00 156.00
LINE 866.00 156.00 879.00 156.00
LINE 879.00 156.00 879.00 289.00
LINE 879.00 289.00 866.00 289.00
LINE 866.00 289.00 866.00 156.00
LINE 866.00 336.00 879.00 336.00
LINE 879.00 336.00 879.00 433.00
LINE 879.00 433.00 866.00 433.00
LINE 866.00 433.00 866.00 336.00
LINE 866.00 430.00 879.00 430.00
LINE 879.00 430.00 879.00 578.00
LINE 879.00 578.00 866.00 578.00
LINE 866.00 578.00 866.00 430.00
LINE 866.00 214.00 961.00 214.00
LINE 961.00 214.00 961.00 225.00
LINE 961.00 225.00 866.00 225.00
LINE 866.00 225.00 866.00 214.00
LINE 866.00 358.00 961.00 358.00
LINE 961.00 358.00 961.00 369.00
LINE 961.00 369.00 866.00 369.00
LINE 866.00 369.00 866.00 358.00
# Total original wall lines: 40

# RAY_WALLS (from visibility rays)
LINE 735.48 314.44 935.48 314.44
LINE 735.48 314.44 933.90 339.50
LINE 735.48 314.44 866.00 339.34
LINE 735.48 314.44 866.00 347.95
LINE 735.48 314.44 866.00 356.85
LINE 735.48 314.44 866.00 366.11
LINE 735.48 314.44 866.00 375.86
LINE 735.48 314.44 866.00 386.19
LINE 735.48 314.44 866.00 397.27
LINE 735.48 314.44 866.00 409.27
LINE 735.48 314.44 866.00 422.41
LINE 735.48 314.44 866.00 437.00
LINE 735.48 314.44 866.00 453.43
LINE 735.48 314.44 862.97 468.54
LINE 735.48 314.44 735.48 514.44
LINE 735.48 314.44 732.74 358.00
LINE 735.48 314.44 729.98 358.00
LINE 735.48 314.44 727.17 358.00
LINE 735.48 314.44 724.30 358.00
LINE 735.48 314.44 721.33 358.00
LINE 735.48 314.44 718.23 358.00
LINE 735.48 314.44 714.98 358.00
LINE 735.48 314.44 711.53 358.00
LINE 735.48 314.44 707.83 358.00
LINE 735.48 314.44 703.83 358.00
LINE 735.48 314.44 699.44 358.00
LINE 735.48 314.44 694.57 358.00
LINE 735.48 314.44 689.09 358.00
LINE 735.48 314.44 682.82 358.00
LINE 735.48 314.44 675.52 358.00
LINE 735.48 314.44 666.84 358.00
LINE 735.48 314.44 656.24 358.00
LINE 735.48 314.44 554.51 399.59
LINE 735.48 314.44 549.53 388.06
LINE 735.48 314.44 596.00 359.76
LINE 735.48 314.44 565.82 358.00
LINE 735.48 314.44 539.02 351.91
LINE 735.48 314.44 554.51 229.28
LINE 735.48 314.44 572.79 225.00
LINE 735.48 314.44 594.55 225.00
LINE 735.48 314.44 573.68 196.88
LINE 735.48 314.44 589.69 177.53
LINE 735.48 314.44 643.98 217.00
LINE 735.48 314.44 661.49 225.00
LINE 735.48 314.44 670.50 225.00
LINE 735.48 314.44 678.72 225.00
LINE 735.48 314.44 686.31 225.00
LINE 735.48 314.44 693.39 225.00
LINE 735.48 314.44 700.07 225.00
LINE 735.48 314.44 706.42 225.00
LINE 735.48 314.44 712.52 225.00
LINE 735.48 314.44 718.42 225.00
LINE 735.48 314.44 724.18 225.00
LINE 735.48 314.44 729.85 225.00
LINE 735.48 314.44 735.48 225.00
LINE 735.48 314.44 741.11 225.00
LINE 735.48 314.44 746.78 225.00
LINE 735.48 314.44 752.54 225.00
LINE 735.48 314.44 758.44 225.00
LINE 735.48 314.44 764.54 225.00
LINE 735.48 314.44 770.89 225.00
LINE 735.48 314.44 777.57 225.00
LINE 735.48 314.44 784.65 225.00
LINE 735.48 314.44 792.24 225.00
LINE 735.48 314.44 800.46 225.00
LINE 735.48 314.44 809.47 225.00
LINE 735.48 314.44 819.47 225.00
LINE 735.48 314.44 830.72 225.00
LINE 735.48 314.44 843.59 225.00
LINE 735.48 314.44 858.58 225.00
LINE 735.48 314.44 866.00 231.61
LINE 735.48 314.44 866.00 242.68
LINE 735.48 314.44 866.00 253.02
LINE 735.48 314.44 866.00 262.76
LINE 735.48 314.44 866.00 272.03
LINE 735.48 314.44 866.00 280.93
LINE 735.48 314.44 868.83 289.00
LINE 735.48 314.44 933.90 289.37
LINE 735.48 314.44 935.09 301.88
LINE 935.48 314.44 933.90 339.50
LINE 866.00 339.34 866.00 347.95
LINE 866.00 347.95 866.00 356.85
LINE 866.00 356.85 866.00 366.11
LINE 866.00 366.11 866.00 375.86
LINE 866.00 375.86 866.00 386.19
LINE 866.00 386.19 866.00 397.27
LINE 866.00 397.27 866.00 409.27
LINE 866.00 409.27 866.00 422.41
LINE 866.00 422.41 866.00 437.00
LINE 866.00 437.00 866.00 453.43
LINE 866.00 453.43 862.97 468.54
LINE 862.97 468.54 735.48 514.44
LINE 694.57 358.00 689.09 358.00
LINE 689.09 358.00 682.82 358.00
LINE 682.82 358.00 675.52 358.00
LINE 675.52 358.00 666.84 358.00
LINE 666.84 358.00 656.24 358.00
LINE 596.00 359.76 565.82 358.00
LINE 565.82 358.00 539.02 351.91
LINE 539.02 351.91 554.51 229.28
LINE 554.51 229.28 572.79 225.00
LINE 572.79 225.00 594.55 225.00
LINE 643.98 217.00 661.49 225.00
LINE 661.49 225.00 670.50 225.00
LINE 670.50 225.00 678.72 225.00
LINE 678.72 225.00 686.31 225.00
LINE 686.31 225.00 693.39 225.00
LINE 693.39 225.00 700.07 225.00
LINE 700.07 225.00 706.42 225.00
LINE 706.42 225.00 712.52 225.00
LINE 712.52 225.00 718.42 225.00
LINE 718.42 225.00 724.18 225.00
LINE 724.18 225.00 729.85 225.00
LINE 729.85 225.00 735.48 225.00
LINE 735.48 225.00 741.11 225.00
LINE 741.11 225.00 746.78 225.00
LINE 746.78 225.00 752.54 225.00
LINE 752.54 225.00 758.44 225.00
LINE 758.44 225.00 764.54 225.00
LINE 764.54 225.00 770.89 225.00
LINE 770.89 225.00 777.57 225.00
LINE 777.57 225.00 784.65 225.00
LINE 784.65 225.00 792.24 225.00
LINE 792.24 225.00 800.46 225.00
LINE 800.46 225.00 809.47 225.00
LINE 809.47 225.00 819.47 225.00
LINE 819.47 225.00 830.72 225.00
LINE 830.72 225.00 843.59 225.00
LINE 843.59 225.00 858.58 225.00
LINE 858.58 225.00 866.00 231.61
LINE 866.00 231.61 866.00 242.68
LINE 866.00 242.68 866.00 253.02
LINE 866.00 253.02 866.00 262.76
LINE 866.00 262.76 866.00 272.03
LINE 866.00 272.03 866.00 280.93
LINE 866.00 280.93 868.83 289.00
LINE 933.90 289.37 935.09 301.88
LINE 935.09 301.88 935.48 314.44
# Total ray wall lines: 138

# BREAKOFF_WALLS (from breakoff lines)
LINE 933.90 339.50 866.00 339.34
LINE 735.48 514.44 732.74 358.00
LINE 656.24 358.00 554.51 399.59
LINE 549.53 388.06 596.00 359.76
LINE 594.55 225.00 573.68 196.88
LINE 589.69 177.53 643.98 217.00
LINE 868.83 289.00 933.90 289.37
# Total breakoff wall lines: 7

# SUMMARY
# Total lines: 185
# Original walls: 40 lines
# Original doors: 0 lines
# Ray walls: 138 lines
# Breakoff walls: 7 lines
# Visibility circle: 1 circle
