# Clipped Environment Lines
# Generated from evader analysis at position (403.8, 468.1)
# Visibility range: 200.0 pixels

# VISIBILITY_CIRCLE
CIRCLE 403.80 468.05 200.00

# ORIGINAL_WALLS
LINE 272.00 358.00 385.00 358.00
LINE 385.00 358.00 385.00 369.00
LINE 385.00 369.00 272.00 369.00
LINE 272.00 369.00 272.00 358.00
LINE 446.00 358.00 596.00 358.00
LINE 596.00 358.00 596.00 369.00
LINE 596.00 369.00 446.00 369.00
LINE 446.00 369.00 446.00 358.00
LINE 272.00 322.00 285.00 322.00
LINE 285.00 322.00 285.00 362.00
LINE 285.00 362.00 272.00 362.00
LINE 272.00 362.00 272.00 322.00
LINE 500.00 358.00 513.00 358.00
LINE 513.00 358.00 513.00 434.00
LINE 513.00 434.00 500.00 434.00
LINE 500.00 434.00 500.00 358.00
LINE 500.00 480.00 513.00 480.00
LINE 513.00 480.00 513.00 534.00
LINE 513.00 534.00 500.00 534.00
LINE 500.00 534.00 500.00 480.00
# Total original wall lines: 20

# RAY_WALLS (from visibility rays)
LINE 403.80 468.05 603.80 468.05
LINE 403.80 468.05 603.41 480.61
LINE 403.80 468.05 500.00 480.21
LINE 403.80 468.05 500.00 486.40
LINE 403.80 468.05 500.00 492.75
LINE 403.80 468.05 500.00 499.31
LINE 403.80 468.05 500.00 506.14
LINE 403.80 468.05 500.00 513.32
LINE 403.80 468.05 500.00 520.94
LINE 403.80 468.05 500.00 529.10
LINE 403.80 468.05 565.61 585.61
LINE 403.80 468.05 242.00 350.50
LINE 403.80 468.05 284.07 369.00
LINE 403.80 468.05 298.32 369.00
LINE 403.80 468.05 310.79 369.00
LINE 403.80 468.05 321.86 369.00
LINE 403.80 468.05 331.84 369.00
LINE 403.80 468.05 340.94 369.00
LINE 403.80 468.05 349.35 369.00
LINE 403.80 468.05 357.19 369.00
LINE 403.80 468.05 364.59 369.00
LINE 403.80 468.05 371.62 369.00
LINE 403.80 468.05 378.37 369.00
LINE 403.80 468.05 384.91 369.00
LINE 403.80 468.05 378.74 269.63
LINE 403.80 468.05 465.61 277.84
LINE 403.80 468.05 446.00 361.48
LINE 403.80 468.05 450.41 369.00
LINE 403.80 468.05 458.26 369.00
LINE 403.80 468.05 466.66 369.00
LINE 403.80 468.05 475.77 369.00
LINE 403.80 468.05 485.75 369.00
LINE 403.80 468.05 496.82 369.00
LINE 403.80 468.05 500.00 377.72
LINE 403.80 468.05 500.00 388.47
LINE 403.80 468.05 500.00 398.16
LINE 403.80 468.05 500.00 407.01
LINE 403.80 468.05 500.00 415.17
LINE 403.80 468.05 500.00 422.79
LINE 403.80 468.05 500.00 429.97
LINE 403.80 468.05 508.61 434.00
LINE 403.80 468.05 597.52 418.32
LINE 403.80 468.05 603.41 455.50
LINE 603.80 468.05 603.41 480.61
LINE 500.00 480.21 500.00 486.40
LINE 500.00 486.40 500.00 492.75
LINE 500.00 492.75 500.00 499.31
LINE 500.00 499.31 500.00 506.14
LINE 500.00 506.14 500.00 513.32
LINE 500.00 513.32 500.00 520.94
LINE 500.00 520.94 500.00 529.10
LINE 284.07 369.00 298.32 369.00
LINE 298.32 369.00 310.79 369.00
LINE 310.79 369.00 321.86 369.00
LINE 321.86 369.00 331.84 369.00
LINE 331.84 369.00 340.94 369.00
LINE 340.94 369.00 349.35 369.00
LINE 349.35 369.00 357.19 369.00
LINE 357.19 369.00 364.59 369.00
LINE 364.59 369.00 371.62 369.00
LINE 371.62 369.00 378.37 369.00
LINE 378.37 369.00 384.91 369.00
LINE 446.00 361.48 450.41 369.00
LINE 450.41 369.00 458.26 369.00
LINE 458.26 369.00 466.66 369.00
LINE 466.66 369.00 475.77 369.00
LINE 475.77 369.00 485.75 369.00
LINE 485.75 369.00 496.82 369.00
LINE 496.82 369.00 500.00 377.72
LINE 500.00 377.72 500.00 388.47
LINE 500.00 388.47 500.00 398.16
LINE 500.00 398.16 500.00 407.01
LINE 500.00 407.01 500.00 415.17
LINE 500.00 415.17 500.00 422.79
LINE 500.00 422.79 500.00 429.97
LINE 500.00 429.97 508.61 434.00
LINE 597.52 418.32 603.41 455.50
LINE 603.41 455.50 603.80 468.05
# Total ray wall lines: 78

# BREAKOFF_WALLS (from breakoff lines)
LINE 603.41 480.61 500.00 480.21
LINE 500.00 529.10 565.61 585.61
LINE 242.00 350.50 284.07 369.00
LINE 384.91 369.00 378.74 269.63
LINE 465.61 277.84 446.00 361.48
LINE 508.61 434.00 597.52 418.32
# Total breakoff wall lines: 6

# SUMMARY
# Total lines: 104
# Original walls: 20 lines
# Original doors: 0 lines
# Ray walls: 78 lines
# Breakoff walls: 6 lines
# Visibility circle: 1 circle
