# Clipped Environment Lines
# Generated from evader analysis at position (951.4, 594.8)
# Visibility range: 200.0 pixels

# VISIBILITY_CIRCLE
CIRCLE 951.37 594.82 200.00

# ORIGINAL_WALLS
LINE 43.00 674.00 1235.00 674.00
LINE 1235.00 674.00 1235.00 685.00
LINE 1235.00 685.00 43.00 685.00
LINE 43.00 685.00 43.00 674.00
LINE 866.00 336.00 879.00 336.00
LINE 879.00 336.00 879.00 433.00
LINE 879.00 433.00 866.00 433.00
LINE 866.00 433.00 866.00 336.00
LINE 866.00 430.00 879.00 430.00
LINE 879.00 430.00 879.00 578.00
LINE 879.00 578.00 866.00 578.00
LINE 866.00 578.00 866.00 430.00
LINE 866.00 624.00 879.00 624.00
LINE 879.00 624.00 879.00 678.00
LINE 879.00 678.00 866.00 678.00
LINE 866.00 678.00 866.00 624.00
LINE 866.00 502.00 961.00 502.00
LINE 961.00 502.00 961.00 513.00
LINE 961.00 513.00 866.00 513.00
LINE 866.00 513.00 866.00 502.00
LINE 1022.00 502.00 1236.00 502.00
LINE 1236.00 502.00 1236.00 513.00
LINE 1236.00 513.00 1022.00 513.00
LINE 1022.00 513.00 1022.00 502.00
LINE 1049.00 358.00 1062.00 358.00
LINE 1062.00 358.00 1062.00 434.00
LINE 1062.00 434.00 1049.00 434.00
LINE 1049.00 434.00 1049.00 358.00
LINE 1049.00 480.00 1062.00 480.00
LINE 1062.00 480.00 1062.00 505.00
LINE 1062.00 505.00 1049.00 505.00
LINE 1049.00 505.00 1049.00 480.00
# Total original wall lines: 32

# RAY_WALLS (from visibility rays)
LINE 951.37 594.82 1151.37 594.82
LINE 951.37 594.82 1137.32 668.44
LINE 951.37 594.82 1119.63 674.00
LINE 951.37 594.82 1095.40 674.00
LINE 951.37 594.82 1076.14 674.00
LINE 951.37 594.82 1060.35 674.00
LINE 951.37 594.82 1047.08 674.00
LINE 951.37 594.82 1035.69 674.00
LINE 951.37 594.82 1025.72 674.00
LINE 951.37 594.82 1016.87 674.00
LINE 951.37 594.82 1008.89 674.00
LINE 951.37 594.82 1001.62 674.00
LINE 951.37 594.82 994.90 674.00
LINE 951.37 594.82 988.63 674.00
LINE 951.37 594.82 982.72 674.00
LINE 951.37 594.82 977.09 674.00
LINE 951.37 594.82 971.70 674.00
LINE 951.37 594.82 966.47 674.00
LINE 951.37 594.82 961.37 674.00
LINE 951.37 594.82 956.35 674.00
LINE 951.37 594.82 951.37 674.00
LINE 951.37 594.82 946.38 674.00
LINE 951.37 594.82 941.36 674.00
LINE 951.37 594.82 936.26 674.00
LINE 951.37 594.82 931.04 674.00
LINE 951.37 594.82 925.64 674.00
LINE 951.37 594.82 920.02 674.00
LINE 951.37 594.82 914.11 674.00
LINE 951.37 594.82 907.84 674.00
LINE 951.37 594.82 901.12 674.00
LINE 951.37 594.82 893.84 674.00
LINE 951.37 594.82 885.86 674.00
LINE 951.37 594.82 879.00 671.88
LINE 951.37 594.82 879.00 662.78
LINE 951.37 594.82 879.00 654.69
LINE 951.37 594.82 879.00 647.40
LINE 951.37 594.82 879.00 640.74
LINE 951.37 594.82 879.00 634.60
LINE 951.37 594.82 879.00 628.87
LINE 951.37 594.82 877.66 624.00
LINE 951.37 594.82 761.15 656.62
LINE 951.37 594.82 754.91 557.34
LINE 951.37 594.82 879.00 576.24
LINE 951.37 594.82 879.00 571.31
LINE 951.37 594.82 879.00 566.17
LINE 951.37 594.82 879.00 560.77
LINE 951.37 594.82 879.00 555.04
LINE 951.37 594.82 879.00 548.89
LINE 951.37 594.82 879.00 542.24
LINE 951.37 594.82 879.00 534.95
LINE 951.37 594.82 879.00 526.86
LINE 951.37 594.82 879.00 517.76
LINE 951.37 594.82 883.68 513.00
LINE 951.37 594.82 891.92 513.00
LINE 951.37 594.82 899.44 513.00
LINE 951.37 594.82 906.39 513.00
LINE 951.37 594.82 912.87 513.00
LINE 951.37 594.82 918.97 513.00
LINE 951.37 594.82 924.78 513.00
LINE 951.37 594.82 930.36 513.00
LINE 951.37 594.82 935.76 513.00
LINE 951.37 594.82 941.03 513.00
LINE 951.37 594.82 946.22 513.00
LINE 951.37 594.82 951.37 513.00
LINE 951.37 594.82 956.51 513.00
LINE 951.37 594.82 976.43 396.40
LINE 951.37 594.82 1047.72 419.56
LINE 951.37 594.82 1053.42 434.00
LINE 951.37 594.82 1068.92 433.02
LINE 951.37 594.82 1022.00 509.44
LINE 951.37 594.82 1028.20 513.00
LINE 951.37 594.82 1038.49 513.00
LINE 951.37 594.82 1050.27 513.00
LINE 951.37 594.82 1063.98 513.00
LINE 951.37 594.82 1080.29 513.00
LINE 951.37 594.82 1100.19 513.00
LINE 951.37 594.82 1125.24 513.00
LINE 951.37 594.82 1137.32 521.19
LINE 951.37 594.82 1150.97 582.26
LINE 1151.37 594.82 1137.32 668.44
LINE 1137.32 668.44 1119.63 674.00
LINE 1119.63 674.00 1095.40 674.00
LINE 1095.40 674.00 1076.14 674.00
LINE 1076.14 674.00 1060.35 674.00
LINE 1060.35 674.00 1047.08 674.00
LINE 1047.08 674.00 1035.69 674.00
LINE 1035.69 674.00 1025.72 674.00
LINE 1025.72 674.00 1016.87 674.00
LINE 1016.87 674.00 1008.89 674.00
LINE 1008.89 674.00 1001.62 674.00
LINE 1001.62 674.00 994.90 674.00
LINE 994.90 674.00 988.63 674.00
LINE 988.63 674.00 982.72 674.00
LINE 982.72 674.00 977.09 674.00
LINE 977.09 674.00 971.70 674.00
LINE 971.70 674.00 966.47 674.00
LINE 966.47 674.00 961.37 674.00
LINE 961.37 674.00 956.35 674.00
LINE 946.38 674.00 941.36 674.00
LINE 941.36 674.00 936.26 674.00
LINE 936.26 674.00 931.04 674.00
LINE 931.04 674.00 925.64 674.00
LINE 925.64 674.00 920.02 674.00
LINE 920.02 674.00 914.11 674.00
LINE 914.11 674.00 907.84 674.00
LINE 907.84 674.00 901.12 674.00
LINE 901.12 674.00 893.84 674.00
LINE 893.84 674.00 885.86 674.00
LINE 885.86 674.00 879.00 671.88
LINE 879.00 671.88 879.00 662.78
LINE 879.00 662.78 879.00 654.69
LINE 879.00 654.69 879.00 647.40
LINE 879.00 647.40 879.00 640.74
LINE 879.00 640.74 879.00 634.60
LINE 879.00 634.60 879.00 628.87
LINE 879.00 628.87 877.66 624.00
LINE 879.00 571.31 879.00 566.17
LINE 879.00 566.17 879.00 560.77
LINE 879.00 560.77 879.00 555.04
LINE 879.00 555.04 879.00 548.89
LINE 879.00 548.89 879.00 542.24
LINE 879.00 542.24 879.00 534.95
LINE 879.00 534.95 879.00 526.86
LINE 879.00 526.86 879.00 517.76
LINE 879.00 517.76 883.68 513.00
LINE 883.68 513.00 891.92 513.00
LINE 891.92 513.00 899.44 513.00
LINE 899.44 513.00 906.39 513.00
LINE 906.39 513.00 912.87 513.00
LINE 912.87 513.00 918.97 513.00
LINE 918.97 513.00 924.78 513.00
LINE 924.78 513.00 930.36 513.00
LINE 930.36 513.00 935.76 513.00
LINE 935.76 513.00 941.03 513.00
LINE 941.03 513.00 946.22 513.00
LINE 946.22 513.00 951.37 513.00
LINE 951.37 513.00 956.51 513.00
LINE 976.43 396.40 1047.72 419.56
LINE 1047.72 419.56 1053.42 434.00
LINE 1053.42 434.00 1068.92 433.02
LINE 1022.00 509.44 1028.20 513.00
LINE 1028.20 513.00 1038.49 513.00
LINE 1038.49 513.00 1050.27 513.00
LINE 1050.27 513.00 1063.98 513.00
LINE 1063.98 513.00 1080.29 513.00
LINE 1080.29 513.00 1100.19 513.00
LINE 1100.19 513.00 1125.24 513.00
LINE 1125.24 513.00 1137.32 521.19
LINE 1137.32 521.19 1150.97 582.26
LINE 1150.97 582.26 1151.37 594.82
# Total ray wall lines: 150

# BREAKOFF_WALLS (from breakoff lines)
LINE 877.66 624.00 761.15 656.62
LINE 754.91 557.34 879.00 576.24
LINE 956.51 513.00 976.43 396.40
LINE 1068.92 433.02 1022.00 509.44
# Total breakoff wall lines: 4

# SUMMARY
# Total lines: 186
# Original walls: 32 lines
# Original doors: 0 lines
# Ray walls: 150 lines
# Breakoff walls: 4 lines
# Visibility circle: 1 circle
